# list of object assets to load in this scene

[MAP]
textures\world_map.txt	textures\tileset_worldmap.png	16	12	8	4

[ASSETS]
mario.txt
brick.txt
coin.txt
goomba.txt
cloud.txt
#
[OBJECTS]
# type	x	y	extra_settings per object type
# type: 0 = Mario , 1 = Brick, 2 = Goomba, 3 = Koopas
# See OBJECT_TYPE constants in AssetIDs.h



# BRICKS
#1	0	148
#1	0	164





#Platform
#5	90	136	16	15	16	51000	52000	53000
#5	120	90	16	16	8	20001	20001	20001

#Portal 
50	300	120	316	160	2

#cacti
5	48	48	48	48	1
5	96	48	48	48	1
5	144	48	48	48	1
5	624	48	48	48	1
5	672	48	48	48	1
5	48	96	48	48	1
5	96	96	48	48	1
5	144	96	48	48	1
5	240	96	48	48	1
5	288	96	48	48	1
5	336	96	48	48	1
5	432	96	48	48	1
5	480	96	48	48	1
5	528	96	48	48	1
5	624	96	48	48	1
5	672	96	48	48	1
5	240	144	48	48	1
5	288	144	48	48	1
5	336	144	48	48	1
5	624	144	48	48	1
5	672	144	48	48	1
5	48	192	48	48	1
5	96	192	48	48	1
5	144	192	48	48	1
5	240	192	48	48	1
5	288	192	48	48	1
5	336	192	48	48	1
5	432	192	48	48	1
5	480	192	48	48	1
5	528	192	48	48	1
5	576	192	48	48	1
5	624	192	48	48	1
5	672	192	48	48	1
5	48	240	48	48	1
5	96	240	48	48	1
5	144	240	48	48	1
5	432	240	48	48	1
5	480	240	48	48	1
5	672	240	48	48	1
5	48	288	48	48	1
5	288	288	48	48	1
5	336	288	48	48	1
5	384	288	48	48	1
5	672	288	48	48	1
5	672	288	48	48	1
5	672	336	48	48	1
5	672	384	48	48	1

# help tag
5	624	288	48	48	2
# guard
5	250	432	48	48	3

# MARIO
0	96	144	1

[MAP_SELECTION]
# id	x	y     is_portal	 t	l	 b	 r	state
0	96	144	0	-1	2	-1	-1	0
1	192	48	1	-1	6	2	-1	1
2	192	144	0	1	-1	3	0	8
3	192	240	0	2	7	4	-1	8
4	192	336	0	3	-1	5	-1	8
5	192	432	1	4	9	-1	-1	5
6	288	48	0	-1	10	-1	1	8
7	288	240	1	-1	12	-1	3	8
8	288	336	0	-1	13	-1	-1	8
9	288	432	1	-1	14	-1	5	8
10	384	48	0	-1	15	11	6	2
11	384	144	1	10	16	12	-1	8
12	384	240	1	11	-1	-1	7	7
13	384	336	1	-1	17	14	8	8
14	384	432	0	13	-1	-1	9	6
15	480	48	0	-1	18	-1	10	3
16	480	144	0	-1	19	-1	11	4
17	480	336	0	-1	20	-1	13	8
18	576	48	0	-1	-1	19	15	8
19	576	144	0	18	-1	-1	16	8
20	576	336	0	-1	-1	-1	17	8



