# list of object assets to load in this scene
[ASSETS]
brick.txt
mario.txt
coin.txt
cloud.txt
goomba.txt
#
[OBJECTS]
# type	x	y	extra_settings per object type
# type: 0 = Mario , 1 = Brick, 2 = Goomba, 3 = Koopas
# See OBJECT_TYPE constants in AssetIDs.h

# MARIO
#0	7100	600
0	1561	600



#Platform
#5	0	180	16	15	32	51000	52000	53000


#Flatform
#6	0	1230	4000	5
#6	350	1050	200	5
# nền, chặn biên nền
6	-48	800	48	800
6	0	1248	1872	48
6	1872	1200	1392	96
6	3456	1248	768	48
6	4224	1248	288	48
6	4608	1248	240	48
#6	6864	144	48	240
6	8448	0	48	1392
				
6	4992	1248	1704	48
6	6768	1248	1680	49

#hai cái ống dài nhất
6	6768	384	96	576
6	6768	1104	96	144

#gạch bực thang đối xứng				
6	6960	1584	144	48
6	6912	1632	192	48
6	6864	1680	240	48
6	6816	1728	288	48
6	6768	1776	336	48
6	6720	1824	384	48


#gạch bực thang đối xứng
#6	6960	1584	144	48
#6	6912	1632	192	48
#6	6864	1680	240	48
#6	6816	1728	288	48
#6	6768	1776	336	48
#6	6720	1824	384	48
#chùm hai viên riêng lẻ
#6	6370	1440	96	48

#chặn 4 mặt dưsới lòng đất
6	5952	1392	1536	48
6	5952	1440	384	432
6	5952	1872	1536	96
#cống dưới đất
6	7104	1440	384	432

#gạch đối xứng				
6	4512	1008	96	48
				
6	4800	1104	48	48
6	4752	1152	96	48
6	4704	1200	144	48
				
6	4992	1104	48	48
6	4992	1152	96	48
6	4992	1200	144	48


# ô vuông có màu				
6	720	1104	144	2
6	816	1008	144	2
				
6	1200	1104	240	5
6	1392	1008	192	5
6	1536	912	192	5
6	1536	1152	275	5
				
6	3792	1152	336	2
6	3888	1056	336	2
6	3984	960	336	2
				
6	6432	1104	144	2
6	6528	816	144	2
#trên không trung
6	3936	432	192	2
6	4224	576	192	2
6	4464	528	720	2



# goomba
#2	860	600

2	1587	1185


#2	2344	600
#2	2390	600
#2	2430	600
#2	2470	600

#COIN
#4	100	120
#4	420	1200


#para goomba
#7	2900	548 sẽ đi qua được chắn gạch chấm hỏi
7	2900	1148
#brick coin
#8	300	1210	1
#8	600	1210	0

8	552	1080	0
8	600	1080	0

8	696	936	0
8	744	936	1

8	1968	1152	1
8	2112	1064	0

#mushroom
#9	300	1110
#super leaf
#10	200	1100

#koompas hai tham so cuoi là loại với state
# type: 0=xanh 1=đỏ
# state: 100=walk_left 300=walk_right 600=fly_left 700=fly_right
11	1761	1048	1	100
#11	900	900	1	600
#11	2400	1048	0	600
11	3200	1048	0	600

#pine 
#12	400	1150	1
#12	700	1175	2
#12	900	1175	3

12	1079	1152	1	

12	5399	1177	2
12	5592	1152	1
			
12	6984	1177	2


12	7035	1415	3

#12	6318	1745	3

#venus fire trap
#14	1106	1080	1
14	1082	1152	1
#14	5615	1130	2
#piranha plant
15	5424	1160
#Portal 
#50	200	160	216	180	1

#BrickBlink
#16	6000	1100

16	5856	1200
16	5904	1200
16	5952	1200
16	6000	1200
16	6048	1200
16	6096	1200
16	6144	1200
16	5904	1152
16	5952	1152
16	6000	1152
16	6048	1152
16	6096	1152
16	5952	1104
16	6000	1104
16	6048	1104
16	6288	1200
16	6336	1200
16	6288	1152



#P button
17	6100	1100

#8	6200	1100	2
#8	6300	1100	2
#8	6400	1100	1

#random bonus
18	8088	1029


16	7100	850